your_version = 'Parallel Loop 3 Opt';
% number of repeats:% 3
% enter first, last, inc:% 120 3600 120 
data_ref( 1, 1:3 ) = [ 3600 2.003188e+00 4.658175e+01];
data_Gemm( 1, 1:4 ) = [ 3600 7.727235e-01 7.958079e-12 1.207573e+02];
data_ref( 2, 1:3 ) = [ 3480 1.834820e+00 4.593823e+01];
data_Gemm( 2, 1:4 ) = [ 3480 7.295437e-01 7.617018e-12 1.155358e+02];
data_ref( 3, 1:3 ) = [ 3360 1.630981e+00 4.651563e+01];
data_Gemm( 3, 1:4 ) = [ 3360 6.700355e-01 7.048584e-12 1.132270e+02];
data_ref( 4, 1:3 ) = [ 3240 1.422796e+00 4.781040e+01];
data_Gemm( 4, 1:4 ) = [ 3240 6.278079e-01 6.934897e-12 1.083523e+02];
data_ref( 5, 1:3 ) = [ 3120 1.279818e+00 4.746193e+01];
data_Gemm( 5, 1:4 ) = [ 3120 5.284140e-01 6.366463e-12 1.149528e+02];
data_ref( 6, 1:3 ) = [ 3000 1.118900e+00 4.826169e+01];
data_Gemm( 6, 1:4 ) = [ 3000 4.865552e-01 6.366463e-12 1.109843e+02];
data_ref( 7, 1:3 ) = [ 2880 1.000067e+00 4.777257e+01];
data_Gemm( 7, 1:4 ) = [ 2880 3.786866e-01 6.480150e-12 1.261617e+02];
data_ref( 8, 1:3 ) = [ 2760 8.817692e-01 4.768725e+01];
data_Gemm( 8, 1:4 ) = [ 2760 3.472948e-01 5.684342e-12 1.210762e+02];
data_ref( 9, 1:3 ) = [ 2640 7.739463e-01 4.754785e+01];
data_Gemm( 9, 1:4 ) = [ 2640 3.190252e-01 4.888534e-12 1.153498e+02];
data_ref( 10, 1:3 ) = [ 2520 6.554963e-01 4.882715e+01];
data_Gemm( 10, 1:4 ) = [ 2520 2.903709e-01 5.570655e-12 1.102246e+02];
data_ref( 11, 1:3 ) = [ 2400 5.725622e-01 4.828820e+01];
data_Gemm( 11, 1:4 ) = [ 2400 2.233975e-01 4.547474e-12 1.237614e+02];
data_ref( 12, 1:3 ) = [ 2280 4.888466e-01 4.849109e+01];
data_Gemm( 12, 1:4 ) = [ 2280 2.016149e-01 3.865352e-12 1.175742e+02];
data_ref( 13, 1:3 ) = [ 2160 4.205748e-01 4.792344e+01];
data_Gemm( 13, 1:4 ) = [ 2160 1.827046e-01 3.410605e-12 1.103168e+02];
data_ref( 14, 1:3 ) = [ 2040 3.564700e-01 4.763186e+01];
data_Gemm( 14, 1:4 ) = [ 2040 1.626692e-01 3.069545e-12 1.043795e+02];
data_ref( 15, 1:3 ) = [ 1920 2.949590e-01 4.799235e+01];
data_Gemm( 15, 1:4 ) = [ 1920 1.138825e-01 2.899014e-12 1.243016e+02];
data_ref( 16, 1:3 ) = [ 1800 2.447525e-01 4.765630e+01];
data_Gemm( 16, 1:4 ) = [ 1800 1.005088e-01 2.614797e-12 1.160496e+02];
data_ref( 17, 1:3 ) = [ 1680 1.986244e-01 4.774470e+01];
data_Gemm( 17, 1:4 ) = [ 1680 8.675598e-02 2.330580e-12 1.093096e+02];
data_ref( 18, 1:3 ) = [ 1560 1.593228e-01 4.765690e+01];
data_Gemm( 18, 1:4 ) = [ 1560 7.675858e-02 2.160050e-12 9.891834e+01];
data_ref( 19, 1:3 ) = [ 1440 1.257087e-01 4.750639e+01];
data_Gemm( 19, 1:4 ) = [ 1440 5.215126e-02 1.989520e-12 1.145124e+02];
data_ref( 20, 1:3 ) = [ 1320 9.757579e-02 4.714219e+01];
data_Gemm( 20, 1:4 ) = [ 1320 4.428233e-02 1.705303e-12 1.038775e+02];
data_ref( 21, 1:3 ) = [ 1200 7.310227e-02 4.727623e+01];
data_Gemm( 21, 1:4 ) = [ 1200 3.672002e-02 1.591616e-12 9.411760e+01];
data_ref( 22, 1:3 ) = [ 1080 5.386143e-02 4.677603e+01];
data_Gemm( 22, 1:4 ) = [ 1080 2.983358e-02 1.250555e-12 8.444926e+01];
data_ref( 23, 1:3 ) = [ 960 3.758541e-02 4.707870e+01];
data_Gemm( 23, 1:4 ) = [ 960 1.478547e-02 1.023182e-12 1.196764e+02];
data_ref( 24, 1:3 ) = [ 840 2.571313e-02 4.610128e+01];
data_Gemm( 24, 1:4 ) = [ 840 1.118893e-02 9.094947e-13 1.059447e+02];
data_ref( 25, 1:3 ) = [ 720 1.605276e-02 4.650264e+01];
data_Gemm( 25, 1:4 ) = [ 720 8.062061e-03 7.105427e-13 9.259369e+01];
data_ref( 26, 1:3 ) = [ 600 9.576122e-03 4.511221e+01];
data_Gemm( 26, 1:4 ) = [ 600 5.626052e-03 4.831691e-13 7.678564e+01];
data_ref( 27, 1:3 ) = [ 480 4.759927e-03 4.646794e+01];
data_Gemm( 27, 1:4 ) = [ 480 2.710312e-03 3.126388e-13 8.160832e+01];
data_ref( 28, 1:3 ) = [ 360 2.029402e-03 4.598005e+01];
data_Gemm( 28, 1:4 ) = [ 360 1.364455e-03 1.989520e-13 6.838774e+01];
data_ref( 29, 1:3 ) = [ 240 6.149890e-04 4.495690e+01];
data_Gemm( 29, 1:4 ) = [ 240 6.480700e-04 5.684342e-14 4.266206e+01];
data_ref( 30, 1:3 ) = [ 120 1.394480e-04 2.478343e+01];
data_Gemm( 30, 1:4 ) = [ 120 1.620780e-04 2.131628e-14 2.132307e+01];

 % Maximum difference between reference and your implementation: 7.958079e-12.
