your_version = 'Parallel Loop 1';
% number of repeats:% 3
% enter first, last, inc:% 120 3600 120 
data_ref( 1, 1:3 ) = [ 3600 1.995783e+00 4.675458e+01];
data_Gemm( 1, 1:4 ) = [ 3600 9.552295e+00 7.958079e-12 9.768543e+00];
data_ref( 2, 1:3 ) = [ 3480 1.828048e+00 4.610840e+01];
data_Gemm( 2, 1:4 ) = [ 3480 8.643109e+00 7.617018e-12 9.752091e+00];
data_ref( 3, 1:3 ) = [ 3360 1.636682e+00 4.635359e+01];
data_Gemm( 3, 1:4 ) = [ 3360 7.767050e+00 7.048584e-12 9.767687e+00];
data_ref( 4, 1:3 ) = [ 3240 1.418486e+00 4.795568e+01];
data_Gemm( 4, 1:4 ) = [ 3240 6.961251e+00 6.934897e-12 9.771871e+00];
data_ref( 5, 1:3 ) = [ 3120 1.268129e+00 4.789944e+01];
data_Gemm( 5, 1:4 ) = [ 3120 6.228934e+00 6.366463e-12 9.751694e+00];
data_ref( 6, 1:3 ) = [ 3000 1.117408e+00 4.832613e+01];
data_Gemm( 6, 1:4 ) = [ 3000 5.618946e+00 6.366463e-12 9.610344e+00];
data_ref( 7, 1:3 ) = [ 2880 9.869099e-01 4.840943e+01];
data_Gemm( 7, 1:4 ) = [ 2880 4.916961e+00 6.480150e-12 9.716518e+00];
data_ref( 8, 1:3 ) = [ 2760 8.806656e-01 4.774702e+01];
data_Gemm( 8, 1:4 ) = [ 2760 4.325105e+00 5.684342e-12 9.722110e+00];
data_ref( 9, 1:3 ) = [ 2640 7.677605e-01 4.793095e+01];
data_Gemm( 9, 1:4 ) = [ 2640 3.779014e+00 4.888534e-12 9.737856e+00];
data_ref( 10, 1:3 ) = [ 2520 6.630225e-01 4.827289e+01];
data_Gemm( 10, 1:4 ) = [ 2520 3.302125e+00 5.570655e-12 9.692552e+00];
data_ref( 11, 1:3 ) = [ 2400 5.743376e-01 4.813894e+01];
data_Gemm( 11, 1:4 ) = [ 2400 2.833312e+00 4.547474e-12 9.758190e+00];
data_ref( 12, 1:3 ) = [ 2280 4.911501e-01 4.826366e+01];
data_Gemm( 12, 1:4 ) = [ 2280 2.426925e+00 3.865352e-12 9.767380e+00];
data_ref( 13, 1:3 ) = [ 2160 4.213866e-01 4.783112e+01];
data_Gemm( 13, 1:4 ) = [ 2160 2.073048e+00 3.410605e-12 9.722589e+00];
data_ref( 14, 1:3 ) = [ 2040 3.572428e-01 4.752881e+01];
data_Gemm( 14, 1:4 ) = [ 2040 1.744943e+00 3.069545e-12 9.730591e+00];
data_ref( 15, 1:3 ) = [ 1920 2.933336e-01 4.825828e+01];
data_Gemm( 15, 1:4 ) = [ 1920 1.448673e+00 2.899014e-12 9.771546e+00];
data_ref( 16, 1:3 ) = [ 1800 2.449919e-01 4.760974e+01];
data_Gemm( 16, 1:4 ) = [ 1800 1.200236e+00 2.614797e-12 9.718087e+00];
data_ref( 17, 1:3 ) = [ 1680 1.978721e-01 4.792624e+01];
data_Gemm( 17, 1:4 ) = [ 1680 9.744703e-01 2.330580e-12 9.731712e+00];
data_ref( 18, 1:3 ) = [ 1560 1.590869e-01 4.772758e+01];
data_Gemm( 18, 1:4 ) = [ 1560 7.866018e-01 2.160050e-12 9.652701e+00];
data_ref( 19, 1:3 ) = [ 1440 1.251419e-01 4.772159e+01];
data_Gemm( 19, 1:4 ) = [ 1440 6.169987e-01 1.989520e-12 9.679061e+00];
data_ref( 20, 1:3 ) = [ 1320 9.730451e-02 4.727361e+01];
data_Gemm( 20, 1:4 ) = [ 1320 4.731944e-01 1.705303e-12 9.721027e+00];
data_ref( 21, 1:3 ) = [ 1200 7.283331e-02 4.745082e+01];
data_Gemm( 21, 1:4 ) = [ 1200 3.601425e-01 1.591616e-12 9.596202e+00];
data_ref( 22, 1:3 ) = [ 1080 5.354097e-02 4.705600e+01];
data_Gemm( 22, 1:4 ) = [ 1080 2.618776e-01 1.250555e-12 9.620617e+00];
data_ref( 23, 1:3 ) = [ 960 3.758412e-02 4.708030e+01];
data_Gemm( 23, 1:4 ) = [ 960 1.837761e-01 1.023182e-12 9.628410e+00];
data_ref( 24, 1:3 ) = [ 840 2.563255e-02 4.624619e+01];
data_Gemm( 24, 1:4 ) = [ 840 1.250566e-01 9.094947e-13 9.478974e+00];
data_ref( 25, 1:3 ) = [ 720 1.604993e-02 4.651084e+01];
data_Gemm( 25, 1:4 ) = [ 720 7.851608e-02 7.105427e-13 9.507556e+00];
data_ref( 26, 1:3 ) = [ 600 9.536537e-03 4.529946e+01];
data_Gemm( 26, 1:4 ) = [ 600 4.659115e-02 4.831691e-13 9.272147e+00];
data_ref( 27, 1:3 ) = [ 480 4.757843e-03 4.648829e+01];
data_Gemm( 27, 1:4 ) = [ 480 2.382756e-02 3.126388e-13 9.282697e+00];
data_ref( 28, 1:3 ) = [ 360 2.029438e-03 4.597923e+01];
data_Gemm( 28, 1:4 ) = [ 360 1.014463e-02 1.989520e-13 9.198167e+00];
data_ref( 29, 1:3 ) = [ 240 6.145140e-04 4.499165e+01];
data_Gemm( 29, 1:4 ) = [ 240 3.220769e-03 5.684342e-14 8.584285e+00];
data_ref( 30, 1:3 ) = [ 120 9.143300e-05 3.779817e+01];
data_Gemm( 30, 1:4 ) = [ 120 4.437340e-04 2.131628e-14 7.788450e+00];

 % Maximum difference between reference and your implementation: 7.958079e-12.
