your_version = 'Parallel Loop 3 Opt';
% number of repeats:% 3
% enter first, last, inc:% 120 3600 120 
data_ref( 1, 1:3 ) = [ 3600 2.016669e+00 4.627036e+01];
data_Gemm( 1, 1:4 ) = [ 3600 6.590924e+00 7.958079e-12 1.415765e+01];
data_ref( 2, 1:3 ) = [ 3480 1.842944e+00 4.573574e+01];
data_Gemm( 2, 1:4 ) = [ 3480 6.110865e+00 7.617018e-12 1.379320e+01];
data_ref( 3, 1:3 ) = [ 3360 1.654546e+00 4.585313e+01];
data_Gemm( 3, 1:4 ) = [ 3360 5.138280e+00 7.048584e-12 1.476488e+01];
data_ref( 4, 1:3 ) = [ 3240 1.435018e+00 4.740319e+01];
data_Gemm( 4, 1:4 ) = [ 3240 4.772240e+00 6.934897e-12 1.425420e+01];
data_ref( 5, 1:3 ) = [ 3120 1.289984e+00 4.708791e+01];
data_Gemm( 5, 1:4 ) = [ 3120 4.424486e+00 6.366463e-12 1.372875e+01];
data_ref( 6, 1:3 ) = [ 3000 1.130801e+00 4.775375e+01];
data_Gemm( 6, 1:4 ) = [ 3000 4.049892e+00 6.366463e-12 1.333369e+01];
data_ref( 7, 1:3 ) = [ 2880 1.007180e+00 4.743515e+01];
data_Gemm( 7, 1:4 ) = [ 2880 3.169303e+00 6.480150e-12 1.507453e+01];
data_ref( 8, 1:3 ) = [ 2760 8.913957e-01 4.717226e+01];
data_Gemm( 8, 1:4 ) = [ 2760 2.910022e+00 5.684342e-12 1.444977e+01];
data_ref( 9, 1:3 ) = [ 2640 7.793843e-01 4.721610e+01];
data_Gemm( 9, 1:4 ) = [ 2640 2.658269e+00 4.888534e-12 1.384340e+01];
data_ref( 10, 1:3 ) = [ 2520 6.627692e-01 4.829135e+01];
data_Gemm( 10, 1:4 ) = [ 2520 2.383023e+00 5.570655e-12 1.343085e+01];
data_ref( 11, 1:3 ) = [ 2400 5.785356e-01 4.778962e+01];
data_Gemm( 11, 1:4 ) = [ 2400 2.169054e+00 4.547474e-12 1.274657e+01];
data_ref( 12, 1:3 ) = [ 2280 4.943120e-01 4.795494e+01];
data_Gemm( 12, 1:4 ) = [ 2280 1.701481e+00 3.865352e-12 1.393180e+01];
data_ref( 13, 1:3 ) = [ 2160 4.273945e-01 4.715876e+01];
data_Gemm( 13, 1:4 ) = [ 2160 1.530098e+00 3.410605e-12 1.317262e+01];
data_ref( 14, 1:3 ) = [ 2040 3.620181e-01 4.690187e+01];
data_Gemm( 14, 1:4 ) = [ 2040 1.350616e+00 3.069545e-12 1.257154e+01];
data_ref( 15, 1:3 ) = [ 1920 2.979188e-01 4.751555e+01];
data_Gemm( 15, 1:4 ) = [ 1920 9.439733e-01 2.899014e-12 1.499595e+01];
data_ref( 16, 1:3 ) = [ 1800 2.470149e-01 4.721983e+01];
data_Gemm( 16, 1:4 ) = [ 1800 8.304682e-01 2.614797e-12 1.404509e+01];
data_ref( 17, 1:3 ) = [ 1680 2.001446e-01 4.738207e+01];
data_Gemm( 17, 1:4 ) = [ 1680 7.214890e-01 2.330580e-12 1.314402e+01];
data_ref( 18, 1:3 ) = [ 1560 1.610970e-01 4.713206e+01];
data_Gemm( 18, 1:4 ) = [ 1560 6.232287e-01 2.160050e-12 1.218306e+01];
data_ref( 19, 1:3 ) = [ 1440 1.269477e-01 4.704275e+01];
data_Gemm( 19, 1:4 ) = [ 1440 4.218179e-01 1.989520e-12 1.415769e+01];
data_ref( 20, 1:3 ) = [ 1320 9.842600e-02 4.673497e+01];
data_Gemm( 20, 1:4 ) = [ 1320 3.540851e-01 1.705303e-12 1.299105e+01];
data_ref( 21, 1:3 ) = [ 1200 7.377689e-02 4.684394e+01];
data_Gemm( 21, 1:4 ) = [ 1200 2.937413e-01 1.591616e-12 1.176545e+01];
data_ref( 22, 1:3 ) = [ 1080 5.440867e-02 4.630556e+01];
data_Gemm( 22, 1:4 ) = [ 1080 2.360534e-01 1.250555e-12 1.067311e+01];
data_ref( 23, 1:3 ) = [ 960 3.804652e-02 4.650811e+01];
data_Gemm( 23, 1:4 ) = [ 960 1.198452e-01 1.023182e-12 1.476465e+01];
data_ref( 24, 1:3 ) = [ 840 2.594018e-02 4.569776e+01];
data_Gemm( 24, 1:4 ) = [ 840 9.206675e-02 9.094947e-13 1.287553e+01];
data_ref( 25, 1:3 ) = [ 720 1.624154e-02 4.596213e+01];
data_Gemm( 25, 1:4 ) = [ 720 6.755635e-02 7.105427e-13 1.104998e+01];
data_ref( 26, 1:3 ) = [ 600 9.707903e-03 4.449983e+01];
data_Gemm( 26, 1:4 ) = [ 600 4.741811e-02 4.831691e-13 9.110443e+00];
data_ref( 27, 1:3 ) = [ 480 4.831977e-03 4.577505e+01];
data_Gemm( 27, 1:4 ) = [ 480 1.919163e-02 3.126388e-13 1.152503e+01];
data_ref( 28, 1:3 ) = [ 360 2.164251e-03 4.311515e+01];
data_Gemm( 28, 1:4 ) = [ 360 1.083292e-02 1.989520e-13 8.613746e+00];
data_ref( 29, 1:3 ) = [ 240 6.291760e-04 4.394319e+01];
data_Gemm( 29, 1:4 ) = [ 240 5.253441e-03 5.684342e-14 5.262836e+00];
data_ref( 30, 1:3 ) = [ 120 9.198400e-05 3.757175e+01];
data_Gemm( 30, 1:4 ) = [ 120 1.533299e-03 2.131628e-14 2.253964e+00];

 % Maximum difference between reference and your implementation: 7.958079e-12.
