your_version = 'Parallel Loop 2';
% number of repeats:% 3
% enter first, last, inc:% 120 3600 120 
data_ref( 1, 1:3 ) = [ 3600 2.000455e+00 4.664539e+01];
data_Gemm( 1, 1:4 ) = [ 3600 6.114242e-01 7.958079e-12 1.526142e+02];
data_ref( 2, 1:3 ) = [ 3480 1.840394e+00 4.579909e+01];
data_Gemm( 2, 1:4 ) = [ 3480 5.631555e-01 7.617018e-12 1.496716e+02];
data_ref( 3, 1:3 ) = [ 3360 1.661289e+00 4.566700e+01];
data_Gemm( 3, 1:4 ) = [ 3360 4.992862e-01 7.048584e-12 1.519492e+02];
data_ref( 4, 1:3 ) = [ 3240 1.455358e+00 4.674069e+01];
data_Gemm( 4, 1:4 ) = [ 3240 4.502351e-01 6.934897e-12 1.510865e+02];
data_ref( 5, 1:3 ) = [ 3120 1.305395e+00 4.653202e+01];
data_Gemm( 5, 1:4 ) = [ 3120 4.073681e-01 6.366463e-12 1.491100e+02];
data_ref( 6, 1:3 ) = [ 3000 1.141688e+00 4.729838e+01];
data_Gemm( 6, 1:4 ) = [ 3000 3.667075e-01 6.366463e-12 1.472563e+02];
data_ref( 7, 1:3 ) = [ 2880 1.019081e+00 4.688122e+01];
data_Gemm( 7, 1:4 ) = [ 2880 3.214931e-01 6.480150e-12 1.486058e+02];
data_ref( 8, 1:3 ) = [ 2760 8.949555e-01 4.698463e+01];
data_Gemm( 8, 1:4 ) = [ 2760 2.862613e-01 5.684342e-12 1.468908e+02];
data_ref( 9, 1:3 ) = [ 2640 7.845863e-01 4.690305e+01];
data_Gemm( 9, 1:4 ) = [ 2640 2.537291e-01 4.888534e-12 1.450346e+02];
data_ref( 10, 1:3 ) = [ 2520 6.659397e-01 4.806143e+01];
data_Gemm( 10, 1:4 ) = [ 2520 2.270725e-01 5.570655e-12 1.409506e+02];
data_ref( 11, 1:3 ) = [ 2400 5.798594e-01 4.768052e+01];
data_Gemm( 11, 1:4 ) = [ 2400 1.801305e-01 4.547474e-12 1.534887e+02];
data_ref( 12, 1:3 ) = [ 2280 4.936199e-01 4.802218e+01];
data_Gemm( 12, 1:4 ) = [ 2280 1.586502e-01 3.865352e-12 1.494149e+02];
data_ref( 13, 1:3 ) = [ 2160 4.235574e-01 4.758597e+01];
data_Gemm( 13, 1:4 ) = [ 2160 1.343287e-01 3.410605e-12 1.500454e+02];
data_ref( 14, 1:3 ) = [ 2040 3.594624e-01 4.723534e+01];
data_Gemm( 14, 1:4 ) = [ 2040 1.127117e-01 3.069545e-12 1.506438e+02];
data_ref( 15, 1:3 ) = [ 1920 2.956295e-01 4.788350e+01];
data_Gemm( 15, 1:4 ) = [ 1920 9.439215e-02 2.899014e-12 1.499677e+02];
data_ref( 16, 1:3 ) = [ 1800 2.455053e-01 4.751017e+01];
data_Gemm( 16, 1:4 ) = [ 1800 7.851353e-02 2.614797e-12 1.485604e+02];
data_ref( 17, 1:3 ) = [ 1680 1.990109e-01 4.765198e+01];
data_Gemm( 17, 1:4 ) = [ 1680 6.363223e-02 2.330580e-12 1.490324e+02];
data_ref( 18, 1:3 ) = [ 1560 1.599603e-01 4.746696e+01];
data_Gemm( 18, 1:4 ) = [ 1560 5.281097e-02 2.160050e-12 1.437738e+02];
data_ref( 19, 1:3 ) = [ 1440 1.260631e-01 4.737284e+01];
data_Gemm( 19, 1:4 ) = [ 1440 4.045482e-02 1.989520e-12 1.476207e+02];
data_ref( 20, 1:3 ) = [ 1320 9.751574e-02 4.717121e+01];
data_Gemm( 20, 1:4 ) = [ 1320 3.191793e-02 1.705303e-12 1.441176e+02];
data_ref( 21, 1:3 ) = [ 1200 7.316166e-02 4.723786e+01];
data_Gemm( 21, 1:4 ) = [ 1200 2.486892e-02 1.591616e-12 1.389686e+02];
data_ref( 22, 1:3 ) = [ 1080 5.384682e-02 4.678872e+01];
data_Gemm( 22, 1:4 ) = [ 1080 1.812055e-02 1.250555e-12 1.390368e+02];
data_ref( 23, 1:3 ) = [ 960 3.785533e-02 4.674301e+01];
data_Gemm( 23, 1:4 ) = [ 960 1.288352e-02 1.023182e-12 1.373438e+02];
data_ref( 24, 1:3 ) = [ 840 2.578483e-02 4.597309e+01];
data_Gemm( 24, 1:4 ) = [ 840 9.047752e-03 9.094947e-13 1.310169e+02];
data_ref( 25, 1:3 ) = [ 720 1.620193e-02 4.607451e+01];
data_Gemm( 25, 1:4 ) = [ 720 5.768834e-03 7.105427e-13 1.294015e+02];
data_ref( 26, 1:3 ) = [ 600 9.623513e-03 4.489005e+01];
data_Gemm( 26, 1:4 ) = [ 600 3.600346e-03 4.831691e-13 1.199885e+02];
data_ref( 27, 1:3 ) = [ 480 4.768390e-03 4.638547e+01];
data_Gemm( 27, 1:4 ) = [ 480 1.807714e-03 3.126388e-13 1.223556e+02];
data_ref( 28, 1:3 ) = [ 360 2.039729e-03 4.574725e+01];
data_Gemm( 28, 1:4 ) = [ 360 7.710470e-04 1.989520e-13 1.210199e+02];
data_ref( 29, 1:3 ) = [ 240 6.188960e-04 4.467310e+01];
data_Gemm( 29, 1:4 ) = [ 240 2.774450e-04 5.684342e-14 9.965218e+01];
data_ref( 30, 1:3 ) = [ 120 1.406410e-04 2.457320e+01];
data_Gemm( 30, 1:4 ) = [ 120 4.889500e-05 2.131628e-14 7.068207e+01];

 % Maximum difference between reference and your implementation: 7.958079e-12.
