your_version = 'Parallel Loop 2';
% number of repeats:% 3
% enter first, last, inc:% 120 1800 120 
data_ref( 1, 1:3 ) = [ 1800 2.463135e-01 4.735428e+01];
data_Gemm( 1, 1:4 ) = [ 1800 7.985630e-02 2.557954e-12 1.460624e+02];
data_ref( 2, 1:3 ) = [ 1680 1.991523e-01 4.761816e+01];
data_Gemm( 2, 1:4 ) = [ 1680 6.469347e-02 2.330580e-12 1.465877e+02];
data_ref( 3, 1:3 ) = [ 1560 1.602100e-01 4.739300e+01];
data_Gemm( 3, 1:4 ) = [ 1560 5.382352e-02 2.216893e-12 1.410690e+02];
data_ref( 4, 1:3 ) = [ 1440 1.261497e-01 4.734033e+01];
data_Gemm( 4, 1:4 ) = [ 1440 4.168148e-02 1.989520e-12 1.432763e+02];
data_ref( 5, 1:3 ) = [ 1320 9.791474e-02 4.697899e+01];
data_Gemm( 5, 1:4 ) = [ 1320 3.215688e-02 1.762146e-12 1.430467e+02];
data_ref( 6, 1:3 ) = [ 1200 7.317782e-02 4.722743e+01];
data_Gemm( 6, 1:4 ) = [ 1200 2.479220e-02 1.648459e-12 1.393987e+02];
data_ref( 7, 1:3 ) = [ 1080 5.420622e-02 4.647850e+01];
data_Gemm( 7, 1:4 ) = [ 1080 1.801515e-02 1.250555e-12 1.398503e+02];
data_ref( 8, 1:3 ) = [ 960 3.813745e-02 4.639722e+01];
data_Gemm( 8, 1:4 ) = [ 960 1.302972e-02 1.023182e-12 1.358027e+02];
data_ref( 9, 1:3 ) = [ 840 2.571900e-02 4.609076e+01];
data_Gemm( 9, 1:4 ) = [ 840 9.058342e-03 8.810730e-13 1.308637e+02];
data_ref( 10, 1:3 ) = [ 720 1.628068e-02 4.585165e+01];
data_Gemm( 10, 1:4 ) = [ 720 5.856716e-03 7.105427e-13 1.274598e+02];
data_ref( 11, 1:3 ) = [ 600 9.629979e-03 4.485991e+01];
data_Gemm( 11, 1:4 ) = [ 600 3.594648e-03 5.115908e-13 1.201787e+02];
data_ref( 12, 1:3 ) = [ 480 4.758659e-03 4.648032e+01];
data_Gemm( 12, 1:4 ) = [ 480 1.821067e-03 3.126388e-13 1.214585e+02];
data_ref( 13, 1:3 ) = [ 360 2.124272e-03 4.392658e+01];
data_Gemm( 13, 1:4 ) = [ 360 7.764810e-04 1.847411e-13 1.201729e+02];
data_ref( 14, 1:3 ) = [ 240 6.207860e-04 4.453709e+01];
data_Gemm( 14, 1:4 ) = [ 240 2.776750e-04 5.684342e-14 9.956964e+01];
data_ref( 15, 1:3 ) = [ 120 1.408380e-04 2.453883e+01];
data_Gemm( 15, 1:4 ) = [ 120 4.885500e-05 2.842171e-14 7.073994e+01];

 % Maximum difference between reference and your implementation: 2.557954e-12.
