your_version = 'Parallel Loop 3';
% number of repeats:% 3
% enter first, last, inc:% 120 3600 120 
data_ref( 1, 1:3 ) = [ 3600 2.012962e+00 4.635558e+01];
data_Gemm( 1, 1:4 ) = [ 3600 7.598087e-01 7.958079e-12 1.228099e+02];
data_ref( 2, 1:3 ) = [ 3480 1.844642e+00 4.569363e+01];
data_Gemm( 2, 1:4 ) = [ 3480 7.070691e-01 7.617018e-12 1.192081e+02];
data_ref( 3, 1:3 ) = [ 3360 1.651279e+00 4.594385e+01];
data_Gemm( 3, 1:4 ) = [ 3360 6.515794e-01 7.048584e-12 1.164342e+02];
data_ref( 4, 1:3 ) = [ 3240 1.427980e+00 4.763684e+01];
data_Gemm( 4, 1:4 ) = [ 3240 5.534062e-01 6.934897e-12 1.229196e+02];
data_ref( 5, 1:3 ) = [ 3120 1.287321e+00 4.718531e+01];
data_Gemm( 5, 1:4 ) = [ 3120 5.152350e-01 6.366463e-12 1.178931e+02];
data_ref( 6, 1:3 ) = [ 3000 1.126732e+00 4.792622e+01];
data_Gemm( 6, 1:4 ) = [ 3000 4.703744e-01 6.366463e-12 1.148022e+02];
data_ref( 7, 1:3 ) = [ 2880 1.007805e+00 4.740573e+01];
data_Gemm( 7, 1:4 ) = [ 2880 3.665830e-01 6.480150e-12 1.303272e+02];
data_ref( 8, 1:3 ) = [ 2760 8.895123e-01 4.727214e+01];
data_Gemm( 8, 1:4 ) = [ 2760 3.368334e-01 5.684342e-12 1.248366e+02];
data_ref( 9, 1:3 ) = [ 2640 7.757185e-01 4.743923e+01];
data_Gemm( 9, 1:4 ) = [ 2640 3.089313e-01 4.888534e-12 1.191187e+02];
data_ref( 10, 1:3 ) = [ 2520 6.609339e-01 4.842544e+01];
data_Gemm( 10, 1:4 ) = [ 2520 2.849288e-01 5.570655e-12 1.123299e+02];
data_ref( 11, 1:3 ) = [ 2400 5.778689e-01 4.784476e+01];
data_Gemm( 11, 1:4 ) = [ 2400 2.506450e-01 4.547474e-12 1.103074e+02];
data_ref( 12, 1:3 ) = [ 2280 4.953437e-01 4.785507e+01];
data_Gemm( 12, 1:4 ) = [ 2280 1.967966e-01 3.865352e-12 1.204528e+02];
data_ref( 13, 1:3 ) = [ 2160 4.266416e-01 4.724198e+01];
data_Gemm( 13, 1:4 ) = [ 2160 1.782309e-01 3.410605e-12 1.130858e+02];
data_ref( 14, 1:3 ) = [ 2040 3.595478e-01 4.722411e+01];
data_Gemm( 14, 1:4 ) = [ 2040 1.579418e-01 3.069545e-12 1.075037e+02];
data_ref( 15, 1:3 ) = [ 1920 2.965418e-01 4.773620e+01];
data_Gemm( 15, 1:4 ) = [ 1920 1.117285e-01 2.899014e-12 1.266979e+02];
data_ref( 16, 1:3 ) = [ 1800 2.465863e-01 4.730190e+01];
data_Gemm( 16, 1:4 ) = [ 1800 9.768536e-02 2.614797e-12 1.194038e+02];
data_ref( 17, 1:3 ) = [ 1680 2.000316e-01 4.740882e+01];
data_Gemm( 17, 1:4 ) = [ 1680 8.505338e-02 2.330580e-12 1.114978e+02];
data_ref( 18, 1:3 ) = [ 1560 1.602464e-01 4.738224e+01];
data_Gemm( 18, 1:4 ) = [ 1560 7.272231e-02 2.160050e-12 1.044086e+02];
data_ref( 19, 1:3 ) = [ 1440 1.258529e-01 4.745197e+01];
data_Gemm( 19, 1:4 ) = [ 1440 6.189442e-02 1.989520e-12 9.648636e+01];
data_ref( 20, 1:3 ) = [ 1320 9.786163e-02 4.700449e+01];
data_Gemm( 20, 1:4 ) = [ 1320 4.335008e-02 1.705303e-12 1.061114e+02];
data_ref( 21, 1:3 ) = [ 1200 7.346216e-02 4.704463e+01];
data_Gemm( 21, 1:4 ) = [ 1200 3.607943e-02 1.591616e-12 9.578865e+01];
data_ref( 22, 1:3 ) = [ 1080 5.411766e-02 4.655456e+01];
data_Gemm( 22, 1:4 ) = [ 1080 2.919113e-02 1.250555e-12 8.630785e+01];
data_ref( 23, 1:3 ) = [ 960 3.807784e-02 4.646986e+01];
data_Gemm( 23, 1:4 ) = [ 960 1.437585e-02 1.023182e-12 1.230864e+02];
data_ref( 24, 1:3 ) = [ 840 2.584909e-02 4.585879e+01];
data_Gemm( 24, 1:4 ) = [ 840 1.087974e-02 9.094947e-13 1.089555e+02];
data_ref( 25, 1:3 ) = [ 720 1.632332e-02 4.573188e+01];
data_Gemm( 25, 1:4 ) = [ 720 7.803607e-03 7.105427e-13 9.566038e+01];
data_ref( 26, 1:3 ) = [ 600 9.706896e-03 4.450444e+01];
data_Gemm( 26, 1:4 ) = [ 600 5.530897e-03 4.831691e-13 7.810668e+01];
data_ref( 27, 1:3 ) = [ 480 4.825179e-03 4.583954e+01];
data_Gemm( 27, 1:4 ) = [ 480 3.496044e-03 3.126388e-13 6.326694e+01];
data_ref( 28, 1:3 ) = [ 360 2.045384e-03 4.562077e+01];
data_Gemm( 28, 1:4 ) = [ 360 1.331392e-03 1.989520e-13 7.008605e+01];
data_ref( 29, 1:3 ) = [ 240 6.156310e-04 4.491002e+01];
data_Gemm( 29, 1:4 ) = [ 240 6.179750e-04 5.684342e-14 4.473967e+01];
data_ref( 30, 1:3 ) = [ 120 1.398160e-04 2.471820e+01];
data_Gemm( 30, 1:4 ) = [ 120 1.571790e-04 2.131628e-14 2.198767e+01];

 % Maximum difference between reference and your implementation: 7.958079e-12.
