your_version = 'Parallel Loop 3 Opt';
% number of repeats:% 3
% enter first, last, inc:% 120 1800 120 
data_ref( 1, 1:3 ) = [ 1800 2.450480e-01 4.759884e+01];
data_Gemm( 1, 1:4 ) = [ 1800 1.003761e-01 2.557954e-12 1.162030e+02];
data_ref( 2, 1:3 ) = [ 1680 1.989853e-01 4.765811e+01];
data_Gemm( 2, 1:4 ) = [ 1680 8.759974e-02 2.330580e-12 1.082568e+02];
data_ref( 3, 1:3 ) = [ 1560 1.594960e-01 4.760514e+01];
data_Gemm( 3, 1:4 ) = [ 1560 7.725293e-02 2.216893e-12 9.828536e+01];
data_ref( 4, 1:3 ) = [ 1440 1.259176e-01 4.742758e+01];
data_Gemm( 4, 1:4 ) = [ 1440 6.291611e-02 1.989520e-12 9.491954e+01];
data_ref( 5, 1:3 ) = [ 1320 9.772426e-02 4.707057e+01];
data_Gemm( 5, 1:4 ) = [ 1320 4.360326e-02 1.762146e-12 1.054952e+02];
data_ref( 6, 1:3 ) = [ 1200 7.332287e-02 4.713400e+01];
data_Gemm( 6, 1:4 ) = [ 1200 3.678937e-02 1.648459e-12 9.394018e+01];
data_ref( 7, 1:3 ) = [ 1080 5.366318e-02 4.694883e+01];
data_Gemm( 7, 1:4 ) = [ 1080 3.007042e-02 1.250555e-12 8.378414e+01];
data_ref( 8, 1:3 ) = [ 960 3.785563e-02 4.674264e+01];
data_Gemm( 8, 1:4 ) = [ 960 1.481207e-02 1.023182e-12 1.194615e+02];
data_ref( 9, 1:3 ) = [ 840 2.579054e-02 4.596290e+01];
data_Gemm( 9, 1:4 ) = [ 840 1.113374e-02 8.810730e-13 1.064699e+02];
data_ref( 10, 1:3 ) = [ 720 1.619538e-02 4.609314e+01];
data_Gemm( 10, 1:4 ) = [ 720 8.004559e-03 7.105427e-13 9.325885e+01];
data_ref( 11, 1:3 ) = [ 600 9.576228e-03 4.511171e+01];
data_Gemm( 11, 1:4 ) = [ 600 5.510189e-03 5.115908e-13 7.840021e+01];
data_ref( 12, 1:3 ) = [ 480 4.774899e-03 4.632224e+01];
data_Gemm( 12, 1:4 ) = [ 480 3.319795e-03 3.126388e-13 6.662580e+01];
data_ref( 13, 1:3 ) = [ 360 2.033768e-03 4.588134e+01];
data_Gemm( 13, 1:4 ) = [ 360 1.343974e-03 1.847411e-13 6.942991e+01];
data_ref( 14, 1:3 ) = [ 240 6.180780e-04 4.473222e+01];
data_Gemm( 14, 1:4 ) = [ 240 6.590390e-04 5.684342e-14 4.195199e+01];
data_ref( 15, 1:3 ) = [ 120 1.402500e-04 2.464171e+01];
data_Gemm( 15, 1:4 ) = [ 120 1.617550e-04 2.842171e-14 2.136565e+01];

 % Maximum difference between reference and your implementation: 2.557954e-12.
