your_version = 'Parallel Loop 2';
% number of repeats:% 3
% enter first, last, inc:% 120 3600 120 
data_ref( 1, 1:3 ) = [ 3600 2.037975e+00 4.578662e+01];
data_Gemm( 1, 1:4 ) = [ 3600 6.181576e+00 7.958079e-12 1.509518e+01];
data_ref( 2, 1:3 ) = [ 3480 1.844573e+00 4.569534e+01];
data_Gemm( 2, 1:4 ) = [ 3480 5.588161e+00 7.617018e-12 1.508338e+01];
data_ref( 3, 1:3 ) = [ 3360 1.659615e+00 4.571308e+01];
data_Gemm( 3, 1:4 ) = [ 3360 5.004518e+00 7.048584e-12 1.515952e+01];
data_ref( 4, 1:3 ) = [ 3240 1.451941e+00 4.685068e+01];
data_Gemm( 4, 1:4 ) = [ 3240 4.514262e+00 6.934897e-12 1.506878e+01];
data_ref( 5, 1:3 ) = [ 3120 1.289961e+00 4.708875e+01];
data_Gemm( 5, 1:4 ) = [ 3120 4.032602e+00 6.366463e-12 1.506289e+01];
data_ref( 6, 1:3 ) = [ 3000 1.143919e+00 4.720612e+01];
data_Gemm( 6, 1:4 ) = [ 3000 3.587896e+00 6.366463e-12 1.505060e+01];
data_ref( 7, 1:3 ) = [ 2880 1.019719e+00 4.685188e+01];
data_Gemm( 7, 1:4 ) = [ 2880 3.170835e+00 6.480150e-12 1.506724e+01];
data_ref( 8, 1:3 ) = [ 2760 8.971796e-01 4.686815e+01];
data_Gemm( 8, 1:4 ) = [ 2760 2.814051e+00 5.684342e-12 1.494257e+01];
data_ref( 9, 1:3 ) = [ 2640 7.861503e-01 4.680973e+01];
data_Gemm( 9, 1:4 ) = [ 2640 2.462031e+00 4.888534e-12 1.494680e+01];
data_ref( 10, 1:3 ) = [ 2520 6.672687e-01 4.796571e+01];
data_Gemm( 10, 1:4 ) = [ 2520 2.145422e+00 5.570655e-12 1.491829e+01];
data_ref( 11, 1:3 ) = [ 2400 5.810939e-01 4.757923e+01];
data_Gemm( 11, 1:4 ) = [ 2400 1.828325e+00 4.547474e-12 1.512203e+01];
data_ref( 12, 1:3 ) = [ 2280 4.941310e-01 4.797251e+01];
data_Gemm( 12, 1:4 ) = [ 2280 1.574704e+00 3.865352e-12 1.505343e+01];
data_ref( 13, 1:3 ) = [ 2160 4.242409e-01 4.750931e+01];
data_Gemm( 13, 1:4 ) = [ 2160 1.339695e+00 3.410605e-12 1.504476e+01];
data_ref( 14, 1:3 ) = [ 2040 3.591970e-01 4.727024e+01];
data_Gemm( 14, 1:4 ) = [ 2040 1.128874e+00 3.069545e-12 1.504094e+01];
data_ref( 15, 1:3 ) = [ 1920 2.960221e-01 4.782000e+01];
data_Gemm( 15, 1:4 ) = [ 1920 9.393045e-01 2.899014e-12 1.507049e+01];
data_ref( 16, 1:3 ) = [ 1800 2.460482e-01 4.740535e+01];
data_Gemm( 16, 1:4 ) = [ 1800 7.797704e-01 2.614797e-12 1.495825e+01];
data_ref( 17, 1:3 ) = [ 1680 1.997805e-01 4.746841e+01];
data_Gemm( 17, 1:4 ) = [ 1680 6.328834e-01 2.330580e-12 1.498422e+01];
data_ref( 18, 1:3 ) = [ 1560 1.601932e-01 4.739796e+01];
data_Gemm( 18, 1:4 ) = [ 1560 5.096694e-01 2.160050e-12 1.489756e+01];
data_ref( 19, 1:3 ) = [ 1440 1.262496e-01 4.730287e+01];
data_Gemm( 19, 1:4 ) = [ 1440 3.988355e-01 1.989520e-12 1.497351e+01];
data_ref( 20, 1:3 ) = [ 1320 9.787358e-02 4.699875e+01];
data_Gemm( 20, 1:4 ) = [ 1320 3.098836e-01 1.705303e-12 1.484408e+01];
data_ref( 21, 1:3 ) = [ 1200 7.342829e-02 4.706633e+01];
data_Gemm( 21, 1:4 ) = [ 1200 2.337605e-01 1.591616e-12 1.478436e+01];
data_ref( 22, 1:3 ) = [ 1080 5.387139e-02 4.676738e+01];
data_Gemm( 22, 1:4 ) = [ 1080 1.708088e-01 1.250555e-12 1.474997e+01];
data_ref( 23, 1:3 ) = [ 960 3.791917e-02 4.666431e+01];
data_Gemm( 23, 1:4 ) = [ 960 1.197380e-01 1.023182e-12 1.477787e+01];
data_ref( 24, 1:3 ) = [ 840 2.574212e-02 4.604936e+01];
data_Gemm( 24, 1:4 ) = [ 840 8.269661e-02 9.094947e-13 1.433442e+01];
data_ref( 25, 1:3 ) = [ 720 1.613679e-02 4.626050e+01];
data_Gemm( 25, 1:4 ) = [ 720 5.209920e-02 7.105427e-13 1.432836e+01];
data_ref( 26, 1:3 ) = [ 600 9.615785e-03 4.492613e+01];
data_Gemm( 26, 1:4 ) = [ 600 3.061134e-02 4.831691e-13 1.411242e+01];
data_ref( 27, 1:3 ) = [ 480 4.784313e-03 4.623109e+01];
data_Gemm( 27, 1:4 ) = [ 480 1.568560e-02 3.126388e-13 1.410109e+01];
data_ref( 28, 1:3 ) = [ 360 2.042161e-03 4.569277e+01];
data_Gemm( 28, 1:4 ) = [ 360 7.062240e-03 1.989520e-13 1.321281e+01];
data_ref( 29, 1:3 ) = [ 240 6.207480e-04 4.453981e+01];
data_Gemm( 29, 1:4 ) = [ 240 2.228262e-03 5.684342e-14 1.240788e+01];
data_ref( 30, 1:3 ) = [ 120 9.177100e-05 3.765896e+01];
data_Gemm( 30, 1:4 ) = [ 120 3.238650e-04 2.131628e-14 1.067111e+01];

 % Maximum difference between reference and your implementation: 7.958079e-12.
