your_version = 'Parallel Loop 3';
% number of repeats:% 3
% enter first, last, inc:% 120 3600 120 
data_ref( 1, 1:3 ) = [ 3600 2.015629e+00 4.629423e+01];
data_Gemm( 1, 1:4 ) = [ 3600 6.512467e+00 7.958079e-12 1.432821e+01];
data_ref( 2, 1:3 ) = [ 3480 1.841666e+00 4.576747e+01];
data_Gemm( 2, 1:4 ) = [ 3480 6.006008e+00 7.617018e-12 1.403401e+01];
data_ref( 3, 1:3 ) = [ 3360 1.647169e+00 4.605848e+01];
data_Gemm( 3, 1:4 ) = [ 3360 5.076468e+00 7.048584e-12 1.494466e+01];
data_ref( 4, 1:3 ) = [ 3240 1.430550e+00 4.755125e+01];
data_Gemm( 4, 1:4 ) = [ 3240 4.712310e+00 6.934897e-12 1.443548e+01];
data_ref( 5, 1:3 ) = [ 3120 1.286690e+00 4.720846e+01];
data_Gemm( 5, 1:4 ) = [ 3120 4.371020e+00 6.366463e-12 1.389668e+01];
data_ref( 6, 1:3 ) = [ 3000 1.125863e+00 4.796319e+01];
data_Gemm( 6, 1:4 ) = [ 3000 3.996173e+00 6.366463e-12 1.351293e+01];
data_ref( 7, 1:3 ) = [ 2880 1.002953e+00 4.763508e+01];
data_Gemm( 7, 1:4 ) = [ 2880 3.133877e+00 6.480150e-12 1.524493e+01];
data_ref( 8, 1:3 ) = [ 2760 8.897812e-01 4.725786e+01];
data_Gemm( 8, 1:4 ) = [ 2760 2.873918e+00 5.684342e-12 1.463130e+01];
data_ref( 9, 1:3 ) = [ 2640 7.772844e-01 4.734366e+01];
data_Gemm( 9, 1:4 ) = [ 2640 2.633291e+00 4.888534e-12 1.397471e+01];
data_ref( 10, 1:3 ) = [ 2520 6.681850e-01 4.789993e+01];
data_Gemm( 10, 1:4 ) = [ 2520 2.364908e+00 5.570655e-12 1.353373e+01];
data_ref( 11, 1:3 ) = [ 2400 5.767083e-01 4.794105e+01];
data_Gemm( 11, 1:4 ) = [ 2400 2.126722e+00 4.547474e-12 1.300029e+01];
data_ref( 12, 1:3 ) = [ 2280 4.925896e-01 4.812263e+01];
data_Gemm( 12, 1:4 ) = [ 2280 1.729907e+00 3.865352e-12 1.370287e+01];
data_ref( 13, 1:3 ) = [ 2160 4.250828e-01 4.741521e+01];
data_Gemm( 13, 1:4 ) = [ 2160 1.510293e+00 3.410605e-12 1.334536e+01];
data_ref( 14, 1:3 ) = [ 2040 3.599840e-01 4.716690e+01];
data_Gemm( 14, 1:4 ) = [ 2040 1.329261e+00 3.069545e-12 1.277351e+01];
data_ref( 15, 1:3 ) = [ 1920 2.963015e-01 4.777491e+01];
data_Gemm( 15, 1:4 ) = [ 1920 9.325941e-01 2.899014e-12 1.517893e+01];
data_ref( 16, 1:3 ) = [ 1800 2.465396e-01 4.731086e+01];
data_Gemm( 16, 1:4 ) = [ 1800 8.194851e-01 2.614797e-12 1.423333e+01];
data_ref( 17, 1:3 ) = [ 1680 1.999170e-01 4.743600e+01];
data_Gemm( 17, 1:4 ) = [ 1680 7.133289e-01 2.330580e-12 1.329438e+01];
data_ref( 18, 1:3 ) = [ 1560 1.607012e-01 4.724813e+01];
data_Gemm( 18, 1:4 ) = [ 1560 6.085917e-01 2.160050e-12 1.247607e+01];
data_ref( 19, 1:3 ) = [ 1440 1.266892e-01 4.713874e+01];
data_Gemm( 19, 1:4 ) = [ 1440 4.154836e-01 1.989520e-12 1.437353e+01];
data_ref( 20, 1:3 ) = [ 1320 9.826169e-02 4.681312e+01];
data_Gemm( 20, 1:4 ) = [ 1320 3.489276e-01 1.705303e-12 1.318307e+01];
data_ref( 21, 1:3 ) = [ 1200 7.344356e-02 4.705654e+01];
data_Gemm( 21, 1:4 ) = [ 1200 2.894738e-01 1.591616e-12 1.193891e+01];
data_ref( 22, 1:3 ) = [ 1080 5.421198e-02 4.647357e+01];
data_Gemm( 22, 1:4 ) = [ 1080 2.325376e-01 1.250555e-12 1.083448e+01];
data_ref( 23, 1:3 ) = [ 960 3.789851e-02 4.668975e+01];
data_Gemm( 23, 1:4 ) = [ 960 1.184828e-01 1.023182e-12 1.493442e+01];
data_ref( 24, 1:3 ) = [ 840 2.592098e-02 4.573161e+01];
data_Gemm( 24, 1:4 ) = [ 840 9.102448e-02 9.094947e-13 1.302296e+01];
data_ref( 25, 1:3 ) = [ 720 1.626385e-02 4.589908e+01];
data_Gemm( 25, 1:4 ) = [ 720 6.688436e-02 7.105427e-13 1.116099e+01];
data_ref( 26, 1:3 ) = [ 600 9.673312e-03 4.465895e+01];
data_Gemm( 26, 1:4 ) = [ 600 4.657048e-02 4.831691e-13 9.276263e+00];
data_ref( 27, 1:3 ) = [ 480 4.797159e-03 4.610729e+01];
data_Gemm( 27, 1:4 ) = [ 480 2.979084e-02 3.126388e-13 7.424565e+00];
data_ref( 28, 1:3 ) = [ 360 2.053588e-03 4.543852e+01];
data_Gemm( 28, 1:4 ) = [ 360 1.066166e-02 1.989520e-13 8.752111e+00];
data_ref( 29, 1:3 ) = [ 240 6.162270e-04 4.486658e+01];
data_Gemm( 29, 1:4 ) = [ 240 5.232605e-03 5.684342e-14 5.283793e+00];
data_ref( 30, 1:3 ) = [ 120 9.168400e-05 3.769469e+01];
data_Gemm( 30, 1:4 ) = [ 120 1.543616e-03 2.131628e-14 2.238899e+00];

 % Maximum difference between reference and your implementation: 7.958079e-12.
