your_version = 'Parallel Loop 1';
% number of repeats:% 3
% enter first, last, inc:% 120 3600 120 
data_ref( 1, 1:3 ) = [ 3600 2.026710e+00 4.604111e+01];
data_Gemm( 1, 1:4 ) = [ 3600 1.415921e+00 7.958079e-12 6.590199e+01];
data_ref( 2, 1:3 ) = [ 3480 1.878072e+00 4.488026e+01];
data_Gemm( 2, 1:4 ) = [ 3480 1.303927e+00 7.617018e-12 6.464197e+01];
data_ref( 3, 1:3 ) = [ 3360 1.654333e+00 4.585903e+01];
data_Gemm( 3, 1:4 ) = [ 3360 1.159938e+00 7.048584e-12 6.540531e+01];
data_ref( 4, 1:3 ) = [ 3240 1.440663e+00 4.721745e+01];
data_Gemm( 4, 1:4 ) = [ 3240 1.036684e+00 6.934897e-12 6.561732e+01];
data_ref( 5, 1:3 ) = [ 3120 1.294760e+00 4.691422e+01];
data_Gemm( 5, 1:4 ) = [ 3120 9.432845e-01 6.366463e-12 6.439484e+01];
data_ref( 6, 1:3 ) = [ 3000 1.131632e+00 4.771868e+01];
data_Gemm( 6, 1:4 ) = [ 3000 8.355184e-01 6.366463e-12 6.463053e+01];
data_ref( 7, 1:3 ) = [ 2880 1.010297e+00 4.728881e+01];
data_Gemm( 7, 1:4 ) = [ 2880 7.311568e-01 6.480150e-12 6.534268e+01];
data_ref( 8, 1:3 ) = [ 2760 8.975448e-01 4.684908e+01];
data_Gemm( 8, 1:4 ) = [ 2760 6.584773e-01 5.684342e-12 6.385816e+01];
data_ref( 9, 1:3 ) = [ 2640 7.822898e-01 4.704073e+01];
data_Gemm( 9, 1:4 ) = [ 2640 5.705387e-01 4.888534e-12 6.449954e+01];
data_ref( 10, 1:3 ) = [ 2520 6.646640e-01 4.815368e+01];
data_Gemm( 10, 1:4 ) = [ 2520 5.058667e-01 5.570655e-12 6.326966e+01];
data_ref( 11, 1:3 ) = [ 2400 5.814959e-01 4.754633e+01];
data_Gemm( 11, 1:4 ) = [ 2400 4.278570e-01 4.547474e-12 6.461973e+01];
data_ref( 12, 1:3 ) = [ 2280 4.978313e-01 4.761594e+01];
data_Gemm( 12, 1:4 ) = [ 2280 3.609155e-01 3.865352e-12 6.567937e+01];
data_ref( 13, 1:3 ) = [ 2160 4.281620e-01 4.707422e+01];
data_Gemm( 13, 1:4 ) = [ 2160 3.145935e-01 3.410605e-12 6.406805e+01];
data_ref( 14, 1:3 ) = [ 2040 3.620440e-01 4.689852e+01];
data_Gemm( 14, 1:4 ) = [ 2040 2.607373e-01 3.069545e-12 6.512043e+01];
data_ref( 15, 1:3 ) = [ 1920 2.977182e-01 4.754756e+01];
data_Gemm( 15, 1:4 ) = [ 1920 2.162350e-01 2.899014e-12 6.546477e+01];
data_ref( 16, 1:3 ) = [ 1800 2.480569e-01 4.702146e+01];
data_Gemm( 16, 1:4 ) = [ 1800 1.819411e-01 2.614797e-12 6.410867e+01];
data_ref( 17, 1:3 ) = [ 1680 2.008248e-01 4.722157e+01];
data_Gemm( 17, 1:4 ) = [ 1680 1.446725e-01 2.330580e-12 6.554989e+01];
data_ref( 18, 1:3 ) = [ 1560 1.613129e-01 4.706896e+01];
data_Gemm( 18, 1:4 ) = [ 1560 1.216514e-01 2.160050e-12 6.241469e+01];
data_ref( 19, 1:3 ) = [ 1440 1.271123e-01 4.698181e+01];
data_Gemm( 19, 1:4 ) = [ 1440 9.370559e-02 1.989520e-12 6.373118e+01];
data_ref( 20, 1:3 ) = [ 1320 9.847245e-02 4.671292e+01];
data_Gemm( 20, 1:4 ) = [ 1320 7.127325e-02 1.705303e-12 6.453944e+01];
data_ref( 21, 1:3 ) = [ 1200 7.374549e-02 4.686388e+01];
data_Gemm( 21, 1:4 ) = [ 1200 5.627562e-02 1.591616e-12 6.141203e+01];
data_ref( 22, 1:3 ) = [ 1080 5.436564e-02 4.634222e+01];
data_Gemm( 22, 1:4 ) = [ 1080 4.013400e-02 1.250555e-12 6.277530e+01];
data_ref( 23, 1:3 ) = [ 960 3.800004e-02 4.656501e+01];
data_Gemm( 23, 1:4 ) = [ 960 2.770245e-02 1.023182e-12 6.387422e+01];
data_ref( 24, 1:3 ) = [ 840 2.587629e-02 4.581058e+01];
data_Gemm( 24, 1:4 ) = [ 840 1.973811e-02 9.094947e-13 6.005683e+01];
data_ref( 25, 1:3 ) = [ 720 1.620431e-02 4.606773e+01];
data_Gemm( 25, 1:4 ) = [ 720 1.215626e-02 7.105427e-13 6.140838e+01];
data_ref( 26, 1:3 ) = [ 600 9.633457e-03 4.484371e+01];
data_Gemm( 26, 1:4 ) = [ 600 7.756989e-03 4.831691e-13 5.569171e+01];
data_ref( 27, 1:3 ) = [ 480 4.802195e-03 4.605894e+01];
data_Gemm( 27, 1:4 ) = [ 480 3.784314e-03 3.126388e-13 5.844758e+01];
data_ref( 28, 1:3 ) = [ 360 2.051582e-03 4.548295e+01];
data_Gemm( 28, 1:4 ) = [ 360 1.576120e-03 1.989520e-13 5.920361e+01];
data_ref( 29, 1:3 ) = [ 240 6.259840e-04 4.416726e+01];
data_Gemm( 29, 1:4 ) = [ 240 5.920830e-04 5.684342e-14 4.669616e+01];
data_ref( 30, 1:3 ) = [ 120 1.398180e-04 2.471785e+01];
data_Gemm( 30, 1:4 ) = [ 120 9.012500e-05 2.131628e-14 3.834674e+01];

 % Maximum difference between reference and your implementation: 7.958079e-12.
