your_version = 'Parallel Loop 1';
% number of repeats:% 3
% enter first, last, inc:% 120 1800 120 
data_ref( 1, 1:3 ) = [ 1800 2.461668e-01 4.738251e+01];
data_Gemm( 1, 1:4 ) = [ 1800 1.803303e-01 2.557954e-12 6.468130e+01];
data_ref( 2, 1:3 ) = [ 1680 1.989898e-01 4.765703e+01];
data_Gemm( 2, 1:4 ) = [ 1680 1.444202e-01 2.330580e-12 6.566439e+01];
data_ref( 3, 1:3 ) = [ 1560 1.601666e-01 4.740585e+01];
data_Gemm( 3, 1:4 ) = [ 1560 1.206131e-01 2.216893e-12 6.295196e+01];
data_ref( 4, 1:3 ) = [ 1440 1.259556e-01 4.741328e+01];
data_Gemm( 4, 1:4 ) = [ 1440 9.295391e-02 1.989520e-12 6.424655e+01];
data_ref( 5, 1:3 ) = [ 1320 9.792565e-02 4.697376e+01];
data_Gemm( 5, 1:4 ) = [ 1320 7.053871e-02 1.762146e-12 6.521152e+01];
data_ref( 6, 1:3 ) = [ 1200 7.326086e-02 4.717389e+01];
data_Gemm( 6, 1:4 ) = [ 1200 5.582885e-02 1.648459e-12 6.190348e+01];
data_ref( 7, 1:3 ) = [ 1080 5.406354e-02 4.660117e+01];
data_Gemm( 7, 1:4 ) = [ 1080 3.994402e-02 1.250555e-12 6.307387e+01];
data_ref( 8, 1:3 ) = [ 960 3.772606e-02 4.690318e+01];
data_Gemm( 8, 1:4 ) = [ 960 2.744276e-02 1.023182e-12 6.447864e+01];
data_ref( 9, 1:3 ) = [ 840 2.583178e-02 4.588953e+01];
data_Gemm( 9, 1:4 ) = [ 840 1.968177e-02 8.810730e-13 6.022872e+01];
data_ref( 10, 1:3 ) = [ 720 1.620285e-02 4.607189e+01];
data_Gemm( 10, 1:4 ) = [ 720 1.202778e-02 7.105427e-13 6.206433e+01];
data_ref( 11, 1:3 ) = [ 600 9.581422e-03 4.508725e+01];
data_Gemm( 11, 1:4 ) = [ 600 7.716555e-03 5.115908e-13 5.598353e+01];
data_ref( 12, 1:3 ) = [ 480 4.770923e-03 4.636084e+01];
data_Gemm( 12, 1:4 ) = [ 480 3.792281e-03 3.126388e-13 5.832479e+01];
data_ref( 13, 1:3 ) = [ 360 2.040536e-03 4.572916e+01];
data_Gemm( 13, 1:4 ) = [ 360 1.567770e-03 1.847411e-13 5.951893e+01];
data_ref( 14, 1:3 ) = [ 240 6.197040e-04 4.461485e+01];
data_Gemm( 14, 1:4 ) = [ 240 5.923980e-04 5.684342e-14 4.667133e+01];
data_ref( 15, 1:3 ) = [ 120 1.395210e-04 2.477046e+01];
data_Gemm( 15, 1:4 ) = [ 120 8.896100e-05 2.842171e-14 3.884848e+01];

 % Maximum difference between reference and your implementation: 2.557954e-12.
