your_version = 'Parallel Loop 3';
% number of repeats:% 3
% enter first, last, inc:% 120 1800 120 
data_ref( 1, 1:3 ) = [ 1800 2.446024e-01 4.768555e+01];
data_Gemm( 1, 1:4 ) = [ 1800 9.758106e-02 2.557954e-12 1.195314e+02];
data_ref( 2, 1:3 ) = [ 1680 1.983142e-01 4.781938e+01];
data_Gemm( 2, 1:4 ) = [ 1680 8.476852e-02 2.330580e-12 1.118725e+02];
data_ref( 3, 1:3 ) = [ 1560 1.590978e-01 4.772430e+01];
data_Gemm( 3, 1:4 ) = [ 1560 7.452810e-02 2.216893e-12 1.018788e+02];
data_ref( 4, 1:3 ) = [ 1440 1.253287e-01 4.765045e+01];
data_Gemm( 4, 1:4 ) = [ 1440 6.179425e-02 1.989520e-12 9.664278e+01];
data_ref( 5, 1:3 ) = [ 1320 9.712535e-02 4.736082e+01];
data_Gemm( 5, 1:4 ) = [ 1320 5.219777e-02 1.762146e-12 8.812515e+01];
data_ref( 6, 1:3 ) = [ 1200 7.275591e-02 4.750129e+01];
data_Gemm( 6, 1:4 ) = [ 1200 3.587030e-02 1.648459e-12 9.634711e+01];
data_ref( 7, 1:3 ) = [ 1080 5.364548e-02 4.696433e+01];
data_Gemm( 7, 1:4 ) = [ 1080 2.942341e-02 1.250555e-12 8.562653e+01];
data_ref( 8, 1:3 ) = [ 960 3.772544e-02 4.690395e+01];
data_Gemm( 8, 1:4 ) = [ 960 1.466532e-02 1.023182e-12 1.206569e+02];
data_ref( 9, 1:3 ) = [ 840 2.573747e-02 4.605768e+01];
data_Gemm( 9, 1:4 ) = [ 840 1.111283e-02 8.810730e-13 1.066702e+02];
data_ref( 10, 1:3 ) = [ 720 1.617028e-02 4.616469e+01];
data_Gemm( 10, 1:4 ) = [ 720 8.050888e-03 7.105427e-13 9.272219e+01];
data_ref( 11, 1:3 ) = [ 600 9.580902e-03 4.508970e+01];
data_Gemm( 11, 1:4 ) = [ 600 5.565708e-03 5.115908e-13 7.761816e+01];
data_ref( 12, 1:3 ) = [ 480 4.781318e-03 4.626005e+01];
data_Gemm( 12, 1:4 ) = [ 480 3.347253e-03 3.126388e-13 6.607926e+01];
data_ref( 13, 1:3 ) = [ 360 2.038121e-03 4.578335e+01];
data_Gemm( 13, 1:4 ) = [ 360 1.841756e-03 1.847411e-13 5.066469e+01];
data_ref( 14, 1:3 ) = [ 240 6.149930e-04 4.495661e+01];
data_Gemm( 14, 1:4 ) = [ 240 6.458960e-04 5.684342e-14 4.280565e+01];
data_ref( 15, 1:3 ) = [ 120 1.395750e-04 2.476088e+01];
data_Gemm( 15, 1:4 ) = [ 120 1.568980e-04 2.842171e-14 2.202705e+01];

 % Maximum difference between reference and your implementation: 2.557954e-12.
